



       0
 202 x10  2
000000000000011111000000000000011111000000000000011111
000000000000011111000000000000011111000000000000011111
000000000000011111000000000000011111000000000000011111
000000000000011111000000000000011111000000000000011111
000000000000011111000000000000011111000000000000011111
000000000000011111000000000000011111000000000000011111
000000000000011111000000000000011111000000000000011111
000000000000011111000000000000011111000000000000011111
000000000000011111000000000000011111000000000000011111
000000000000011111000000000000011111000000000000011111
000000000000011111000000000000011111000000000000011111
000000000000011111000000000000011111000000000000011111
000000000000011111000000000000011111000000000000011111
000000000000011111000000000000011111000000000000011111
000000000000011111000000000000011111000000000000011111
000000000000011111000000000000011111000000000000011111
000000000000011111000000000000011111000000000000011111
000000000000011111000000000000011111000000000000011111
000000000000011111000000000000011111000000000000011111
000000000000011111000000000000011111000000000000011111
000000000000011111000000000000011111000000000000011111
000000000000011111000000000000011111000000000000011111
000000000000011111000000000000011111000000000000011111
000000000000011111000000000000011111000000000000011111
000000000000011111000000000000011111000000000000011111
000000000000011111000000000000011111000000000000011111
000000000000011111000000000000011111000000000000011111
000000000000011111000000000000011111000000000000011111
000000000000011111000000000000011111000000000000011111
000000000000011111000000000000011111000000000000011111
000000000000011111000000000000011111000000000000011111
000000000000011111000000000000011111000000000000011111
000000000000011111000000000000011111000000000000011111
000000000000011111000000000000011111000000000000011111
000000000000011111000000000000011111000000000000011111
000000000000011111000000000000011111000000000000011111